cam_model: Pinhole
cam_width: 1280
cam_height: 720
scale: 1.0
cam_fx: 760.786
cam_fy: 764.915
cam_cx: 635.581
cam_cy: 290.364
cam_d0: -0.471011
cam_d1: 1.13071
cam_d2: -0.0191349
cam_d3: -0.0167848
